0 -5 0 -3
1 -4.75 -0.4 -2.35
2 -4.5 -0.8 -1.7
3 -4.25 -1.2 -1.05
4 -4 -1.6 -0.4
5 -3.75 -2 0.25
6 -3.5 -2.4 0.9
7 -3.25 -2.8 1.55
8 -3 -3.2 2.2
9 -2.75 -3.6 2.85
10 -2.5 -4 3.5
11 -2.25 -4.4 4.15
12 -2 -4.8 4.8
13 -1.75 -5.2 5.45
14 -1.5 -5.6 6.1
15 -1.25 -6 6.75
16 -1 -6.4 7.4
17 -0.75 -6.8 8.05
18 -0.5 -7.2 8.7
19 -0.25 -7.6 9.35
20 0 -8 10
21 0.0666667 -7.73333 9.53333
22 0.133333 -7.46667 9.06667
23 0.2 -7.2 8.6
24 0.266667 -6.93333 8.13333
25 0.333333 -6.66667 7.66667
26 0.4 -6.4 7.2
27 0.466667 -6.13333 6.73333
28 0.533333 -5.86667 6.26667
29 0.6 -5.6 5.8
30 0.666667 -5.33333 5.33333
31 0.733333 -5.06667 4.86667
32 0.8 -4.8 4.4
33 0.866667 -4.53333 3.93333
34 0.933333 -4.26667 3.46667
35 1 -4 3
36 1.06667 -3.73333 2.53333
37 1.13333 -3.46667 2.06667
38 1.2 -3.2 1.6
39 1.26667 -2.93333 1.13333
40 1.33333 -2.66667 0.666667
41 1.4 -2.4 0.2
42 1.46667 -2.13333 -0.266667
43 1.53333 -1.86667 -0.733333
44 1.6 -1.6 -1.2
45 1.66667 -1.33333 -1.66667
46 1.73333 -1.06667 -2.13333
47 1.8 -0.8 -2.6
48 1.86667 -0.533333 -3.06667
49 1.93333 -0.266667 -3.53333
50 2 0 -4
51 1.85 0.25 -3.55
52 1.7 0.5 -3.1
53 1.55 0.75 -2.65
54 1.4 1 -2.2
55 1.25 1.25 -1.75
56 1.1 1.5 -1.3
57 0.95 1.75 -0.85
58 0.8 2 -0.4
59 0.65 2.25 0.05
60 0.5 2.5 0.5
61 0.35 2.75 0.95
62 0.2 3 1.4
63 0.05 3.25 1.85
64 -0.1 3.5 2.3
65 -0.25 3.75 2.75
66 -0.4 4 3.2
67 -0.55 4.25 3.65
68 -0.7 4.5 4.1
69 -0.85 4.75 4.55
70 -1 5 5
71 -1.13333 4.83333 4.73333
72 -1.26667 4.66667 4.46667
73 -1.4 4.5 4.2
74 -1.53333 4.33333 3.93333
75 -1.66667 4.16667 3.66667
76 -1.8 4 3.4
77 -1.93333 3.83333 3.13333
78 -2.06667 3.66667 2.86667
79 -2.2 3.5 2.6
80 -2.33333 3.33333 2.33333
81 -2.46667 3.16667 2.06667
82 -2.6 3 1.8
83 -2.73333 2.83333 1.53333
84 -2.86667 2.66667 1.26667
85 -3 2.5 1
86 -3.13333 2.33333 0.733333
87 -3.26667 2.16667 0.466667
88 -3.4 2 0.2
89 -3.53333 1.83333 -0.0666667
90 -3.66667 1.66667 -0.333333
91 -3.8 1.5 -0.6
92 -3.93333 1.33333 -0.866667
93 -4.06667 1.16667 -1.13333
94 -4.2 1 -1.4
95 -4.33333 0.833333 -1.66667
96 -4.46667 0.666667 -1.93333
97 -4.6 0.5 -2.2
98 -4.73333 0.333333 -2.46667
99 -4.86667 0.166667 -2.73333
100 -4.62 -0.228333 -2.12
101 -4.37333 -0.623333 -1.50667
102 -4.12667 -1.01833 -0.893333
103 -3.88 -1.41333 -0.28
104 -3.63333 -1.80833 0.333333
105 -3.38667 -2.20333 0.946667
106 -3.14 -2.59833 1.56
107 -2.89333 -2.99333 2.17333
108 -2.64667 -3.38833 2.78667
109 -2.4 -3.78333 3.4
110 -2.15333 -4.17833 4.01333
111 -1.90667 -4.57333 4.62667
112 -1.66 -4.96833 5.24
113 -1.41333 -5.36333 5.85333
114 -1.16667 -5.75833 6.46667
115 -0.92 -6.15333 7.08
116 -0.673333 -6.54833 7.69333
117 -0.426667 -6.94333 8.30667
118 -0.18 -7.33833 8.92
119 -4.49 -0.0566667 -1.89
120 -4.24667 -0.446667 -1.31333
121 -4.00333 -0.836667 -0.736667
122 -3.76 -1.22667 -0.16
123 -3.51667 -1.61667 0.416667
124 -3.27333 -2.00667 0.993333
125 -3.03 -2.39667 1.57
126 -2.78667 -2.78667 2.14667
127 -2.54333 -3.17667 2.72333
128 -2.3 -3.56667 3.3
129 -2.05667 -3.95667 3.87667
130 -1.81333 -4.34667 4.45333
131 -1.57 -4.73667 5.03
132 -1.32667 -5.12667 5.60667
133 -1.08333 -5.51667 6.18333
134 -0.84 -5.90667 6.76
135 -0.596667 -6.29667 7.33667
136 -0.353333 -6.68667 7.91333
137 -0.11 -7.07667 8.49
138 -4.36 0.115 -1.66
139 -4.12 -0.27 -1.12
140 -3.88 -0.655 -0.58
141 -3.64 -1.04 -0.04
142 -3.4 -1.425 0.5
143 -3.16 -1.81 1.04
144 -2.92 -2.195 1.58
145 -2.68 -2.58 2.12
146 -2.44 -2.965 2.66
147 -2.2 -3.35 3.2
148 -1.96 -3.735 3.74
149 -1.72 -4.12 4.28
150 -1.48 -4.505 4.82
151 -1.24 -4.89 5.36
152 -1 -5.275 5.9
153 -0.76 -5.66 6.44
154 -0.52 -6.045 6.98
155 -0.28 -6.43 7.52
156 -0.04 -6.815 8.06
157 -4.23 0.286667 -1.43
158 -3.99333 -0.0933333 -0.926667
159 -3.75667 -0.473333 -0.423333
160 -3.52 -0.853333 0.08
161 -3.28333 -1.23333 0.583333
162 -3.04667 -1.61333 1.08667
163 -2.81 -1.99333 1.59
164 -2.57333 -2.37333 2.09333
165 -2.33667 -2.75333 2.59667
166 -2.1 -3.13333 3.1
167 -1.86333 -3.51333 3.60333
168 -1.62667 -3.89333 4.10667
169 -1.39 -4.27333 4.61
170 -1.15333 -4.65333 5.11333
171 -0.916667 -5.03333 5.61667
172 -0.68 -5.41333 6.12
173 -0.443333 -5.79333 6.62333
174 -0.206667 -6.17333 7.12667
175 0.03 -6.55333 7.63
176 -4.1 0.458333 -1.2
177 -3.86667 0.0833333 -0.733333
178 -3.63333 -0.291667 -0.266667
179 -3.4 -0.666667 0.2
180 -3.16667 -1.04167 0.666667
181 -2.93333 -1.41667 1.13333
182 -2.7 -1.79167 1.6
183 -2.46667 -2.16667 2.06667
184 -2.23333 -2.54167 2.53333
185 -2 -2.91667 3
186 -1.76667 -3.29167 3.46667
187 -1.53333 -3.66667 3.93333
188 -1.3 -4.04167 4.4
189 -1.06667 -4.41667 4.86667
190 -0.833333 -4.79167 5.33333
191 -0.6 -5.16667 5.8
192 -0.366667 -5.54167 6.26667
193 -0.133333 -5.91667 6.73333
194 0.1 -6.29167 7.2
195 -3.97 0.63 -0.97
196 -3.74 0.26 -0.54
197 -3.51 -0.11 -0.11
198 -3.28 -0.48 0.32
199 -3.05 -0.85 0.75
200 -2.82 -1.22 1.18
201 -2.59 -1.59 1.61
202 -2.36 -1.96 2.04
203 -2.13 -2.33 2.47
204 -1.9 -2.7 2.9
205 -1.67 -3.07 3.33
206 -1.44 -3.44 3.76
207 -1.21 -3.81 4.19
208 -0.98 -4.18 4.62
209 -0.75 -4.55 5.05
210 -0.52 -4.92 5.48
211 -0.29 -5.29 5.91
212 -0.06 -5.66 6.34
213 0.17 -6.03 6.77
214 -3.84 0.801667 -0.74
215 -3.61333 0.436667 -0.346667
216 -3.38667 0.0716667 0.0466667
217 -3.16 -0.293333 0.44
218 -2.93333 -0.658333 0.833333
219 -2.70667 -1.02333 1.22667
220 -2.48 -1.38833 1.62
221 -2.25333 -1.75333 2.01333
222 -2.02667 -2.11833 2.40667
223 -1.8 -2.48333 2.8
224 -1.57333 -2.84833 3.19333
225 -1.34667 -3.21333 3.58667
226 -1.12 -3.57833 3.98
227 -0.893333 -3.94333 4.37333
228 -0.666667 -4.30833 4.76667
229 -0.44 -4.67333 5.16
230 -0.213333 -5.03833 5.55333
231 0.0133333 -5.40333 5.94667
232 0.24 -5.76833 6.34
233 -3.71 0.973333 -0.51
234 -3.48667 0.613333 -0.153333
235 -3.26333 0.253333 0.203333
236 -3.04 -0.106667 0.56
237 -2.81667 -0.466667 0.916667
238 -2.59333 -0.826667 1.27333
239 -2.37 -1.18667 1.63
240 -2.14667 -1.54667 1.98667
241 -1.92333 -1.90667 2.34333
242 -1.7 -2.26667 2.7
243 -1.47667 -2.62667 3.05667
244 -1.25333 -2.98667 3.41333
245 -1.03 -3.34667 3.77
246 -0.806667 -3.70667 4.12667
247 -0.583333 -4.06667 4.48333
248 -0.36 -4.42667 4.84
249 -0.136667 -4.78667 5.19667
250 0.0866667 -5.14667 5.55333
251 0.31 -5.50667 5.91
252 -3.58 1.145 -0.28
253 -3.36 0.79 0.04
254 -3.14 0.435 0.36
255 -2.92 0.08 0.68
256 -2.7 -0.275 1
257 -2.48 -0.63 1.32
258 -2.26 -0.985 1.64
259 -2.04 -1.34 1.96
260 -1.82 -1.695 2.28
261 -1.6 -2.05 2.6
262 -1.38 -2.405 2.92
263 -1.16 -2.76 3.24
264 -0.94 -3.115 3.56
265 -0.72 -3.47 3.88
266 -0.5 -3.825 4.2
267 -0.28 -4.18 4.52
268 -0.06 -4.535 4.84
269 0.16 -4.89 5.16
270 0.38 -5.245 5.48
271 -3.45 1.31667 -0.05
272 -3.23333 0.966667 0.233333
273 -3.01667 0.616667 0.516667
274 -2.8 0.266667 0.8
275 -2.58333 -0.0833333 1.08333
276 -2.36667 -0.433333 1.36667
277 -2.15 -0.783333 1.65
278 -1.93333 -1.13333 1.93333
279 -1.71667 -1.48333 2.21667
280 -1.5 -1.83333 2.5
281 -1.28333 -2.18333 2.78333
282 -1.06667 -2.53333 3.06667
283 -0.85 -2.88333 3.35
284 -0.633333 -3.23333 3.63333
285 -0.416667 -3.58333 3.91667
286 -0.2 -3.93333 4.2
287 0.0166667 -4.28333 4.48333
288 0.233333 -4.63333 4.76667
289 0.45 -4.98333 5.05
290 -3.32 1.48833 0.18
291 -3.10667 1.14333 0.426667
292 -2.89333 0.798333 0.673333
293 -2.68 0.453333 0.92
294 -2.46667 0.108333 1.16667
295 -2.25333 -0.236667 1.41333
296 -2.04 -0.581667 1.66
297 -1.82667 -0.926667 1.90667
298 -1.61333 -1.27167 2.15333
299 -1.4 -1.61667 2.4
300 -1.18667 -1.96167 2.64667
301 -0.973333 -2.30667 2.89333
302 -0.76 -2.65167 3.14
303 -0.546667 -2.99667 3.38667
304 -0.333333 -3.34167 3.63333
305 -0.12 -3.68667 3.88
306 0.0933333 -4.03167 4.12667
307 0.306667 -4.37667 4.37333
308 0.52 -4.72167 4.62
309 -3.19 1.66 0.41
310 -2.98 1.32 0.62
311 -2.77 0.98 0.83
312 -2.56 0.64 1.04
313 -2.35 0.3 1.25
314 -2.14 -0.04 1.46
315 -1.93 -0.38 1.67
316 -1.72 -0.72 1.88
317 -1.51 -1.06 2.09
318 -1.3 -1.4 2.3
319 -1.09 -1.74 2.51
320 -0.88 -2.08 2.72
321 -0.67 -2.42 2.93
322 -0.46 -2.76 3.14
323 -0.25 -3.1 3.35
324 -0.04 -3.44 3.56
325 0.17 -3.78 3.77
326 0.38 -4.12 3.98
327 0.59 -4.46 4.19
328 -3.06 1.83167 0.64
329 -2.85333 1.49667 0.813333
330 -2.64667 1.16167 0.986667
331 -2.44 0.826667 1.16
332 -2.23333 0.491667 1.33333
333 -2.02667 0.156667 1.50667
334 -1.82 -0.178333 1.68
335 -1.61333 -0.513333 1.85333
336 -1.40667 -0.848333 2.02667
337 -1.2 -1.18333 2.2
338 -0.993333 -1.51833 2.37333
339 -0.786667 -1.85333 2.54667
340 -0.58 -2.18833 2.72
341 -0.373333 -2.52333 2.89333
342 -0.166667 -2.85833 3.06667
343 0.04 -3.19333 3.24
344 0.246667 -3.52833 3.41333
345 0.453333 -3.86333 3.58667
346 0.66 -4.19833 3.76
347 -2.93 2.00333 0.87
348 -2.72667 1.67333 1.00667
349 -2.52333 1.34333 1.14333
350 -2.32 1.01333 1.28
351 -2.11667 0.683333 1.41667
352 -1.91333 0.353333 1.55333
353 -1.71 0.0233333 1.69
354 -1.50667 -0.306667 1.82667
355 -1.30333 -0.636667 1.96333
356 -1.1 -0.966667 2.1
357 -0.896667 -1.29667 2.23667
358 -0.693333 -1.62667 2.37333
359 -0.49 -1.95667 2.51
360 -0.286667 -2.28667 2.64667
361 -0.0833333 -2.61667 2.78333
362 0.12 -2.94667 2.92
363 0.323333 -3.27667 3.05667
364 0.526667 -3.60667 3.19333
365 0.73 -3.93667 3.33
366 -2.8 2.175 1.1
367 -2.6 1.85 1.2
368 -2.4 1.525 1.3
369 -2.2 1.2 1.4
370 -2 0.875 1.5
371 -1.8 0.55 1.6
372 -1.6 0.225 1.7
373 -1.4 -0.1 1.8
374 -1.2 -0.425 1.9
375 -1 -0.75 2
376 -0.8 -1.075 2.1
377 -0.6 -1.4 2.2
378 -0.4 -1.725 2.3
379 -0.2 -2.05 2.4
380 0 -2.375 2.5
381 0.2 -2.7 2.6
382 0.4 -3.025 2.7
383 0.6 -3.35 2.8
384 0.8 -3.675 2.9
385 -2.67 2.34667 1.33
386 -2.47333 2.02667 1.39333
387 -2.27667 1.70667 1.45667
388 -2.08 1.38667 1.52
389 -1.88333 1.06667 1.58333
390 -1.68667 0.746667 1.64667
391 -1.49 0.426667 1.71
392 -1.29333 0.106667 1.77333
393 -1.09667 -0.213333 1.83667
394 -0.9 -0.533333 1.9
395 -0.703333 -0.853333 1.96333
396 -0.506667 -1.17333 2.02667
397 -0.31 -1.49333 2.09
398 -0.113333 -1.81333 2.15333
399 0.0833333 -2.13333 2.21667
400 0.28 -2.45333 2.28
401 0.476667 -2.77333 2.34333
402 0.673333 -3.09333 2.40667
403 0.87 -3.41333 2.47
404 -2.54 2.51833 1.56
405 -2.34667 2.20333 1.58667
406 -2.15333 1.88833 1.61333
407 -1.96 1.57333 1.64
408 -1.76667 1.25833 1.66667
409 -1.57333 0.943333 1.69333
410 -1.38 0.628333 1.72
411 -1.18667 0.313333 1.74667
412 -0.993333 -0.00166667 1.77333
413 -0.8 -0.316667 1.8
414 -0.606667 -0.631667 1.82667
415 -0.413333 -0.946667 1.85333
416 -0.22 -1.26167 1.88
417 -0.0266667 -1.57667 1.90667
418 0.166667 -1.89167 1.93333
419 0.36 -2.20667 1.96
420 0.553333 -2.52167 1.98667
421 0.746667 -2.83667 2.01333
422 0.94 -3.15167 2.04
423 -2.41 2.69 1.79
424 -2.22 2.38 1.78
425 -2.03 2.07 1.77
426 -1.84 1.76 1.76
427 -1.65 1.45 1.75
428 -1.46 1.14 1.74
429 -1.27 0.83 1.73
430 -1.08 0.52 1.72
431 -0.89 0.21 1.71
432 -0.7 -0.1 1.7
433 -0.51 -0.41 1.69
434 -0.32 -0.72 1.68
435 -0.13 -1.03 1.67
436 0.06 -1.34 1.66
437 0.25 -1.65 1.65
438 0.44 -1.96 1.64
439 0.63 -2.27 1.63
440 0.82 -2.58 1.62
441 1.01 -2.89 1.61
442 -2.28 2.86167 2.02
443 -2.09333 2.55667 1.97333
444 -1.90667 2.25167 1.92667
445 -1.72 1.94667 1.88
446 -1.53333 1.64167 1.83333
447 -1.34667 1.33667 1.78667
448 -1.16 1.03167 1.74
449 -0.973333 0.726667 1.69333
450 -0.786667 0.421667 1.64667
451 -0.6 0.116667 1.6
452 -0.413333 -0.188333 1.55333
453 -0.226667 -0.493333 1.50667
454 -0.04 -0.798333 1.46
455 0.146667 -1.10333 1.41333
456 0.333333 -1.40833 1.36667
457 0.52 -1.71333 1.32
458 0.706667 -2.01833 1.27333
459 0.893333 -2.32333 1.22667
460 1.08 -2.62833 1.18
461 -2.15 3.03333 2.25
462 -1.96667 2.73333 2.16667
463 -1.78333 2.43333 2.08333
464 -1.6 2.13333 2
465 -1.41667 1.83333 1.91667
466 -1.23333 1.53333 1.83333
467 -1.05 1.23333 1.75
468 -0.866667 0.933333 1.66667
469 -0.683333 0.633333 1.58333
470 -0.5 0.333333 1.5
471 -0.316667 0.0333333 1.41667
472 -0.133333 -0.266667 1.33333
473 0.05 -0.566667 1.25
474 0.233333 -0.866667 1.16667
475 0.416667 -1.16667 1.08333
476 0.6 -1.46667 1
477 0.783333 -1.76667 0.916667
478 0.966667 -2.06667 0.833333
479 1.15 -2.36667 0.75
480 -2.02 3.205 2.48
481 -1.84 2.91 2.36
482 -1.66 2.615 2.24
483 -1.48 2.32 2.12
484 -1.3 2.025 2
485 -1.12 1.73 1.88
486 -0.94 1.435 1.76
487 -0.76 1.14 1.64
488 -0.58 0.845 1.52
489 -0.4 0.55 1.4
490 -0.22 0.255 1.28
491 -0.04 -0.04 1.16
492 0.14 -0.335 1.04
493 0.32 -0.63 0.92
494 0.5 -0.925 0.8
495 0.68 -1.22 0.68
496 0.86 -1.515 0.56
497 1.04 -1.81 0.44
498 1.22 -2.105 0.32
499 -1.89 3.37667 2.71
500 -1.71333 3.08667 2.55333
501 -1.53667 2.79667 2.39667
502 -1.36 2.50667 2.24
503 -1.18333 2.21667 2.08333
504 -1.00667 1.92667 1.92667
505 -0.83 1.63667 1.77
506 -0.653333 1.34667 1.61333
507 -0.476667 1.05667 1.45667
508 -0.3 0.766667 1.3
509 -0.123333 0.476667 1.14333
510 0.0533333 0.186667 0.986667
511 0.23 -0.103333 0.83
512 0.406667 -0.393333 0.673333
513 0.583333 -0.683333 0.516667
514 0.76 -0.973333 0.36
515 0.936667 -1.26333 0.203333
516 1.11333 -1.55333 0.0466667
517 1.29 -1.84333 -0.11
518 -1.76 3.54833 2.94
519 -1.58667 3.26333 2.74667
520 -1.41333 2.97833 2.55333
521 -1.24 2.69333 2.36
522 -1.06667 2.40833 2.16667
523 -0.893333 2.12333 1.97333
524 -0.72 1.83833 1.78
525 -0.546667 1.55333 1.58667
526 -0.373333 1.26833 1.39333
527 -0.2 0.983333 1.2
528 -0.0266667 0.698333 1.00667
529 0.146667 0.413333 0.813333
530 0.32 0.128333 0.62
531 0.493333 -0.156667 0.426667
532 0.666667 -0.441667 0.233333
533 0.84 -0.726667 0.04
534 1.01333 -1.01167 -0.153333
535 1.18667 -1.29667 -0.346667
536 1.36 -1.58167 -0.54
537 -1.63 3.72 3.17
538 -1.46 3.44 2.94
539 -1.29 3.16 2.71
540 -1.12 2.88 2.48
541 -0.95 2.6 2.25
542 -0.78 2.32 2.02
543 -0.61 2.04 1.79
544 -0.44 1.76 1.56
545 -0.27 1.48 1.33
546 -0.1 1.2 1.1
547 0.07 0.92 0.87
548 0.24 0.64 0.64
549 0.41 0.36 0.41
550 0.58 0.08 0.18
551 0.75 -0.2 -0.05
552 0.92 -0.48 -0.28
553 1.09 -0.76 -0.51
554 1.26 -1.04 -0.74
555 1.43 -1.32 -0.97
556 -1.5 3.89167 3.4
557 -1.33333 3.61667 3.13333
558 -1.16667 3.34167 2.86667
559 -1 3.06667 2.6
560 -0.833333 2.79167 2.33333
561 -0.666667 2.51667 2.06667
562 -0.5 2.24167 1.8
563 -0.333333 1.96667 1.53333
564 -0.166667 1.69167 1.26667
565 0 1.41667 1
566 0.166667 1.14167 0.733333
567 0.333333 0.866667 0.466667
568 0.5 0.591667 0.2
569 0.666667 0.316667 -0.0666667
570 0.833333 0.0416667 -0.333333
571 1 -0.233333 -0.6
572 1.16667 -0.508333 -0.866667
573 1.33333 -0.783333 -1.13333
574 1.5 -1.05833 -1.4
575 -1.37 4.06333 3.63
576 -1.20667 3.79333 3.32667
577 -1.04333 3.52333 3.02333
578 -0.88 3.25333 2.72
579 -0.716667 2.98333 2.41667
580 -0.553333 2.71333 2.11333
581 -0.39 2.44333 1.81
582 -0.226667 2.17333 1.50667
583 -0.0633333 1.90333 1.20333
584 0.1 1.63333 0.9
585 0.263333 1.36333 0.596667
586 0.426667 1.09333 0.293333
587 0.59 0.823333 -0.01
588 0.753333 0.553333 -0.313333
589 0.916667 0.283333 -0.616667
590 1.08 0.0133333 -0.92
591 1.24333 -0.256667 -1.22333
592 1.40667 -0.526667 -1.52667
593 1.57 -0.796667 -1.83
594 -1.24 4.235 3.86
595 -1.08 3.97 3.52
596 -0.92 3.705 3.18
597 -0.76 3.44 2.84
598 -0.6 3.175 2.5
599 -0.44 2.91 2.16
600 -0.28 2.645 1.82
601 -0.12 2.38 1.48
602 0.04 2.115 1.14
603 0.2 1.85 0.8
604 0.36 1.585 0.46
605 0.52 1.32 0.12
606 0.68 1.055 -0.22
607 0.84 0.79 -0.56
608 1 0.525 -0.9
609 1.16 0.26 -1.24
610 1.32 -0.005 -1.58
611 1.48 -0.27 -1.92
612 1.64 -0.535 -2.26
613 -1.11 4.40667 4.09
614 -0.953333 4.14667 3.71333
615 -0.796667 3.88667 3.33667
616 -0.64 3.62667 2.96
617 -0.483333 3.36667 2.58333
618 -0.326667 3.10667 2.20667
619 -0.17 2.84667 1.83
620 -0.0133333 2.58667 1.45333
621 0.143333 2.32667 1.07667
622 0.3 2.06667 0.7
623 0.456667 1.80667 0.323333
624 0.613333 1.54667 -0.0533333
625 0.77 1.28667 -0.43
626 0.926667 1.02667 -0.806667
627 1.08333 0.766667 -1.18333
628 1.24 0.506667 -1.56
629 1.39667 0.246667 -1.93667
630 1.55333 -0.0133333 -2.31333
631 1.71 -0.273333 -2.69
632 -0.98 4.57833 4.32
633 -0.826667 4.32333 3.90667
634 -0.673333 4.06833 3.49333
635 -0.52 3.81333 3.08
636 -0.366667 3.55833 2.66667
637 -0.213333 3.30333 2.25333
638 -0.06 3.04833 1.84
639 0.0933333 2.79333 1.42667
640 0.246667 2.53833 1.01333
641 0.4 2.28333 0.6
642 0.553333 2.02833 0.186667
643 0.706667 1.77333 -0.226667
644 0.86 1.51833 -0.64
645 1.01333 1.26333 -1.05333
646 1.16667 1.00833 -1.46667
647 1.32 0.753333 -1.88
648 1.47333 0.498333 -2.29333
649 1.62667 0.243333 -2.70667
650 1.78 -0.0116667 -3.12
